    latitude=35.65910807942215,
    longitude=139.70372892916203


